,order,HOGs
0,0,3.8146971841342747e-06
1,1,3.81499065865385e-06
2,2,3.8167510084262225e-06
3,3,3.824767123741035e-06
4,4,3.870387978932999e-06
5,5,3.995857694787419e-06
6,6,4.261843789899711e-06
7,7,4.722469056506201e-06
8,8,5.322526800658877e-06
9,9,6.058604729631495e-06
10,10,6.634156480405013e-06
11,11,7.090900832955616e-06
12,12,7.395778155563626e-06
13,13,7.590451876474991e-06
14,14,7.644639461692531e-06
15,15,7.65747813467147e-06
16,16,7.675389202058813e-06
17,17,7.62300800059339e-06
18,18,7.595639596845322e-06
