,order,HOGs
0,0,1.9073486212164426e-06
1,1,1.9075001724139227e-06
2,2,1.908346225616392e-06
3,3,1.9110766566106886e-06
4,4,1.927154251701049e-06
5,5,1.9670072543605364e-06
6,6,2.0736638397480995e-06
7,7,2.253995487252884e-06
8,8,2.52157835416284e-06
9,9,2.82953457173373e-06
10,10,3.1622523905775842e-06
11,11,3.4553244669998095e-06
12,12,3.629435087264267e-06
13,13,3.7227529363084806e-06
14,14,3.773868936259253e-06
15,15,3.821034680833995e-06
16,16,3.818363775023839e-06
17,17,3.803668100268173e-06
18,18,3.8021807452606707e-06
19,19,3.837561282830481e-06
