,order,HOGs
0,0,7.629394439209136e-06
1,1,7.630884394175296e-06
2,2,7.633817969975798e-06
3,3,7.686237647543904e-06
4,4,7.812391878180458e-06
5,5,8.146974951897846e-06
6,6,8.903454720268412e-06
7,7,9.999003398539785e-06
8,8,1.138081362214447e-05
9,9,1.2972689238726853e-05
10,10,1.3941395638253806e-05
11,11,1.4777333865015052e-05
12,12,1.5021628635054318e-05
13,13,1.5384468809961206e-05
14,14,1.5278140277634677e-05
15,15,1.5521410576582362e-05
16,16,1.544717206666033e-05
17,17,1.537573533782146e-05
